camera_matrix:
- - 1275.2296365824134
  - 0.0
  - 643.3213199621149
- - 0.0
  - 1277.8908860416384
  - 379.64442626660906
- - 0.0
  - 0.0
  - 1.0
distortion_coefficients:
- - 0.1785139792923259
  - -0.1399780258712871
  - 0.005655854736127282
  - 0.0034199046783371326
  - -0.7882749694793166
